93.63
99
89.98
87
74.08
74
66.79
65
62.4
63
57.88
60
70.14
71
63.67
64
54.19
54
61
66
61.25
63
65.85
69
57.83
55
61.34
62
60.23
63
54.73
55
42.62
42
44.38
42
63.44
64
51.87
48
32.28
35
45.77
46
34.09
32
28.53
24
25.71
23
40.55
43
43.28
44
29.7
29
37.57
41
36.96
33
22.96
19
13.42
12
14.9
15
34.11
30
18.15
13
29.99
33
26.37
27
22.73
17
11.23
7
19.78
18
7.92
11
0.34
2
7.19
7
16.41
15
2.64
1
7.83
9
3.72
2
9.29
7
2.96
7
1.31
2
2.27
5
7.8
10
14.95
20
10.68
6
8.88
3
7.75
5
2.04
2
5.96
3
10.95
7
4.88
4
19.9
20
13.54
15
11.65
13
9.52
8
2.48
1
1.32
7
16.16
18
5.68
9
4.87
9
4.77
5
0.4
4
17.1
12
29.28
25
15.7
13
15.38
9
19.6
12
9.47
8
1.39
3
2.88
3
1.57
3
11.34
15
13.92
20
10.15
14
24.39
29
11.68
17
6.86
9
10.03
15
29.85
36
17.74
21
15.46
21
6.67
10
14.81
21
24.86
28
21.56
24
23.04
28
14.85
21
21.05
27
20.55
22
20.84
26
31.46
40
29.3
34
6.93
11
13.95
16
31.62
34
32.88
35
43.32
44
37.89
42
42.61
47
43.96
43
37.06
40
21.74
23
29.31
28
41.94
44
33.69
35
24.63
27
14.17
15
6.79
9
11.73
16
25.46
28
12.24
11
9.74
15
22.9
21
28.08
31
32.12
30
30.62
27
25.32
24
32.2
37
9.82
12
14.71
20
24.89
33
20.03
31
21.25
32
20.09
28
14.24
21
6.48
10
6.28
12
11.48
20
